A,1
B,64
C,-1,-4,-5,-2,4,9,11,8,1,-5,-4,3,11,10,-2,-19,-25,-11,20,47,48,19,-15,-6,83,240,395,445,308,-16,-433,-782,15466,-782,-433,-16,308,445,395,240,83,-6,-15,19,48,47,20,-11,-25,-19,-2,10,11,3,-4,-5,1,8,11,9,4,-2,-5,-4,4,5,3,-3,-7,-6,2,12,18,14,3,-6,-4,8,17,10,-11,-28,-19,17,54,58,21,-19,9,144,345,483,417,93,-396,-837,15370,-837,-396,93,417,483,345,144,9,-19,21,58,54,17,-19,-28,-11,10,17,8,-4,-6,3,14,18,12,2,-6,-7,-3,3,5,0,-7,-6,5,14,9,-10,-19,-4,19,17,-14,-31,-2,43,47,7,-19,6,32,-1,-52,-26,66,92,3,-14,242,618,629,-14,-943,14998,-943,-14,629,618,242,-14,3,92,66,-26,-52,-1,32,6,-19,7,47,43,-2,-31,-14,17,19,-4,-19,-10,9,14,5,-6,-7,6,-8,-7,1,-9,-31,-20,12,2,-30,0,54,17,-55,-16,56,-2,-68,21,99,16,-26,45,2,-83,48,131,-33,166,836,658,-864,14531,-864,658,836,166,-33,131,48,-83,2,45,-26,16,99,21,-68,-2,56,-16,-55,17,54,0,-30,2,12,-20,-31,-9,1,-7,-8,4,10,15,-2,-14,0,-7,-45,-33,17,-4,-42,25,69,-27,-59,49,32,-78,6,113,12,-20,60,-38,-58,140,48,17,737,871,-785,14365,-785,871,737,17,48,140,-58,-38,60,-20,12,113,6,-78,32,49,-59,-27,69,25,-42,-4,17,-33,-45,-7,0,-14,-2,15,10,-11,2,-1,-3,-1,-5,-3,7,39,20,66,24,-53,8,-144,-53,32,-104,145,-28,-73,116,-144,130,51,1,25,-85,221,-47,1254,18,13571,18,1254,-47,221,-85,25,1,51,130,-144,116,-73,-28,145,-104,32,-53,-144,8,-53,24,66,20,39,7,-3,-5,-1,-3,-1,2,-2,0,-1,-1,5,14,18,6,-17,-31,-24,-7,-4,-20,-13,49,127,122,-3,-147,-167,-54,46,27,-35,-4,87,73,-42,22,490,1148,13062,1148,490,22,-42,73,87,-4,-35,27,46,-54,-167,-147,-3,122,127,49,-13,-20,-4,-7,-24,-31,-17,6,18,14,5,-1,-1,0,-16,-5,16,9,-11,-3,12,-3,-19,-8,-2,-2,33,64,11,-73,-65,-12,-36,-25,165,242,-54,-294,-98,84,-30,4,139,-40,135,1258,13622,1258,135,-40,139,4,-30,84,-98,-294,-54,242,165,-25,-36,-12,-65,-73,11,64,33,-2,-2,-8,-19,-3,12,-3,-11,9,16,-5,
D,1
E,64
F,-1,-4,-5,-2,4,9,11,8,1,-5,-4,3,11,10,-2,-18,-25,-11,20,47,48,19,-15,-6,83,240,395,445,308,-16,-433,-782,15466,-782,-433,-16,308,445,395,240,83,-6,-15,19,48,47,20,-11,-25,-18,-2,10,11,3,-4,-5,1,8,11,9,4,-2,-5,-4,4,5,3,-3,-7,-6,2,12,18,14,3,-6,-4,8,17,10,-10,-28,-19,17,54,58,21,-19,9,144,345,483,417,93,-396,-837,15370,-837,-396,93,417,483,345,144,9,-19,21,58,54,17,-19,-28,-10,10,17,8,-4,-6,3,14,18,12,2,-6,-7,-3,3,5,0,-7,-6,5,14,9,-10,-19,-4,19,17,-14,-31,-2,43,48,7,-19,6,32,-1,-52,-26,66,92,4,-14,242,618,629,-14,-944,14998,-944,-14,629,618,242,-14,4,92,66,-26,-52,-1,32,6,-19,7,48,43,-2,-31,-14,17,19,-4,-19,-10,9,14,5,-6,-7,6,-8,-7,1,-9,-31,-20,12,2,-30,-1,54,17,-55,-16,56,-1,-68,21,99,16,-26,45,2,-83,48,132,-33,165,835,658,-864,14531,-864,658,835,165,-33,132,48,-83,2,45,-26,16,99,21,-68,-1,56,-16,-55,17,54,-1,-30,2,12,-20,-31,-9,1,-7,-8,4,10,15,-2,-14,0,-7,-45,-33,17,-4,-42,25,69,-27,-59,49,32,-78,6,113,12,-20,60,-37,-58,140,49,17,736,871,-785,14365,-785,871,736,17,49,140,-58,-37,60,-20,12,113,6,-78,32,49,-59,-27,69,25,-42,-4,17,-33,-45,-7,0,-14,-2,15,10,-11,2,-1,-3,-1,-5,-3,7,39,20,66,24,-53,8,-144,-53,32,-104,145,-28,-73,117,-144,131,51,1,26,-84,221,-47,1254,18,13570,18,1254,-47,221,-84,26,1,51,131,-144,117,-73,-28,145,-104,32,-53,-144,8,-53,24,66,20,39,7,-3,-5,-1,-3,-1,2,-2,0,-1,-1,5,14,18,6,-17,-31,-24,-7,-5,-20,-13,49,127,122,-3,-147,-167,-54,46,26,-35,-3,87,74,-41,22,490,1148,13061,1148,490,22,-41,74,87,-3,-35,26,46,-54,-167,-147,-3,122,127,49,-13,-20,-5,-7,-24,-31,-17,6,18,14,5,-1,-1,0,-16,-5,16,9,-11,-3,12,-3,-19,-8,-2,-2,33,64,11,-73,-65,-12,-37,-25,165,242,-54,-294,-98,83,-30,4,139,-40,135,1258,13621,1258,135,-40,139,4,-30,83,-98,-294,-54,242,165,-25,-37,-12,-65,-73,11,64,33,-2,-2,-8,-19,-3,12,-3,-11,9,16,-5,
G,1
H,1059715045,806105817,1046740968,-806105817,-1032714189,1060908562,1132088633,1049038428,-1132088633,-1036205166,0,0,1073741824,0,0,0,0,1073741824,0,0,0,0,1073741824,0,0,0,0,1073741824,0,0,0,0,1073741824,0,0,0,0,1073741824,0,0,
I,1
J,1059715045,806105817,1046740968,-806105817,-1032714189,1060908562,1132088633,1049038428,-1132088633,-1036205166,0,0,1073741824,0,0,0,0,1073741824,0,0,0,0,1073741824,0,0,0,0,1073741824,0,0,0,0,1073741824,0,0,0,0,1073741824,0,0,
K,1
L,1050657872,-795967849,1029306356,795967849,-1006222404,1049816979,-591107386,1027687680,591107386,-1003762835,0,0,1073741824,0,0,0,0,1073741824,0,0,0,0,1073741824,0,0,0,0,1073741824,0,0,0,0,1073741824,0,0,0,0,1073741824,0,0,
M,1
N,1050657872,-795967849,1029306356,795967849,-1006222404,1049816979,-591107386,1027687680,591107386,-1003762835,0,0,1073741824,0,0,0,0,1073741824,0,0,0,0,1073741824,0,0,0,0,1073741824,0,0,0,0,1073741824,0,0,0,0,1073741824,0,0,
O,0
P,0,0,1073741824,0,0,0,0,1073741824,0,0,0,0,1073741824,0,0,0,0,1073741824,0,0,0,0,1073741824,0,0,0,0,1073741824,0,0,0,0,1073741824,0,0,0,0,1073741824,0,0,
Q,0
R,0,0,1073741824,0,0,0,0,1073741824,0,0,0,0,1073741824,0,0,0,0,1073741824,0,0,0,0,1073741824,0,0,0,0,1073741824,0,0,0,0,1073741824,0,0,0,0,1073741824,0,0,
